910
1642
133
201
1846
4639
4268
5321
707
919
1001
3545
214
5900
3223
2196
3371
4965
7
5155
1673
5166
4204
250
1397
2559
802
3312
4380
3194
2047
4867
127
4717
70
5960
853
4935
1901
479
4378
4360
1294
5976
2245
4874
1139
5138
2160
2597
5706
3385
4959
122
5312
295
1007
3603
5635
3342
5662
2746
4199
2368
5094
1773
3781
448
2512
623
4441
2467
5471
3796
3356
4581
3762
5099
2763
5177
5651
4124
444
1677
3275
173
1110
2661
2384
3639
5636
1089
4993
3374
3985
5951
4568
1117
4408
5917
3355
5087
2066
2789
1369
2191
5745
4131
828
5445
1517
3714
2046
5979
3807
983
2290
3147
803
2402
3230
5504
1654
5059
3456
4938
5441
374
5946
278
4324
1125
4828
1012
740
406
577
2338
3933
3936
1327
200
3635
5942
5158
5339
1039
5652
2087
5617
3242
5109
187
2907
5069
4396
4620
3819
5336
5598
2264
5843
3520
277
475
3986
779
195
2533
3812
3461
5122
5772
2827
4813
4265
2259
4486
816
3547
23
3432
3877
4996
5808
1868
106
3673
5637
5645
2163
5805
840
4851
3212
3593
5643
3398
5304
2273
3145
3691
2935
2548
2692
1546
3234
969
1602
183
5575
2959
3059
938
3700
5366
2817
5416
4536
954
3813
2071
1459
4134
3049
4084
5121
5029
1504
3647
4276
3892
228
2279
4698
4914
589
5536
5074
1256
2538
1839
749
1440
1335
4368
2453
1671
5227
2945
4145
5467
3214
4985
3660
4288
5287
117
3972
4980
1488
5038
4185
5150
5870
357
2263
416
3977
1424
2550
1237
5815
5472
5962
5886
5363
51
5857
3144
5309
4542
844
2466
3326
4890
843
5830
2420
4210
1077
3730
1683
5868
5733
4459
916
5260
3210
397
439
4508
1240
2205
1126
3805
2193
5869
759
615
2720
3844
2023
5386
5610
622
1438
1622
2443
617
4943
5113
5000
2684
1408
2059
417
2696
3627
2173
5904
4345
2905
4323
5650
3598
3394
1781
4702
3499
5199
2729
4029
2861
2477
285
3909
967
4782
2186
749
1100
1334
3733
3685
3020
4090
1554
4107
5922
1568
1641
4387
3596
753
3181
4050
2793
2537
4110
1758
4764
5826
4690
2931
3704
3367
5752
5790
2958
801
3940
4297
5588
771
3279
260
1566
5324
245
3319
2147
2922
3840
41
731
1591
2575
2509
5031
2867
5235
10
5247
4699
3808
1405
511
3451
2987
5356
212
4750
3893
4344
1598
4982
2265
5675
3611
3506
3227
2150
4771
4527
3600
2681
5626
4512
1583
5912
2764
4713
4290
4472
2570
3754
1784
1034
149
2943
4372
3219
182
120
168
3029
2476
1228
1728
92
2644
68
2685
549
751
528
1711
2774
5226
1289
4587
3955
1359
5999
4315
4348
1930
1610
5233
4436
2116
3447
4861
1096
614
2251
1905
2415
4844
5384
797
2355
2753
225
4217
2662
4309
5605
4882
4071
438
3400
5123
4156
1541
3156
4883
3521
1627
1706
1592
990
3534
243
3895
914
3102
563
2983
2356
1502
2409
5890
1300
2791
1434
2449
3838
492
1827
5906
2026
3508
4009
5599
664
1985
1736
2181
3202
4402
3982
1099
3044
3645
1814
4301
4097
1336
4222
5558
2653
1341
1399
5646
1310
906
1489
5420
3201
796
3868
2269
124
410
1346
837
5387
359
2303
4648
11
5325
2631
3797
4044
3262
2062
1040
3095
2900
3416
5915
4438
2554
3511
609
3268
5407
1971
1388
5154
762
630
358
5009
3851
4049
4671
5760
3131
399
2446
1980
1032
1832
1503
2882
4342
2701
2903
5092
1640
4621
2757
1663
3872
2060
423
2397
4493
5093
866
3772
4946
1181
320
5531
1611
688
5429
2274
1345
2270
1404
4605
4446
5137
263
2923
1631
2483
1658
1371
677
1691
2528
4472
3142
2419
4088
5254
4614
39
2697
1268
4362
1662
1239
811
1871
892
1114
5680
4926
1061
3459
1022
2639
966
1006
946
3153
3542
884
3436
3252
2231
1769
1008
5753
1414
5874
2979
2579
4095
5628
5431
1904
5718
1763
3990
5013
2974
5080
199
5228
1564
162
670
3994
3215
952
251
2640
5991
2531
4488
1742
5548
2811
3758
3712
1706
3364
2993
4988
2084
5498
4765
4857
850
2673
5624
3458
4896
3404
5376
3906
2888
4420
5466
4216
468
2053
2599
242
553
5977
2025
1543
4549
1902
4167
4304
2013
5293
2591
4385
2353
4320
3981
3157
2425
3932
403
4583
493
2228
2845
3501
1090
4319
5186
4962
3836
1029
4399
276
5025
5735
5684
4433
216
4894
5222
5115
5938
5896
4931
3468
1756
934
3515
5918
3786
4180
4182
5836
3335
4973
2092
5098
2489
4607
4805
783
1634
5051
3303
5075
2019
4072
4126
5124
4367
1386
5052
895
205
400
2627
3325
5076
1393
2745
4266
5491
451
4850
4546
4525
5213
3293
2049
2560
5564
1682
4644
178
1020
5026
5514
2233
2712
1450
5253
2426
5221
1348
4840
4827
3689
4302
5261
3546
3556
3814
2656
4241
2327
2282
1299
2444
3873
970
538
3810
788
4165
5590
4629
799
4159
5846
1343
204
1159
5873
3917
3115
3290
1281
5580
3299
600
5210
581
2895
1115
2050
5641
4786
4037
561
3148
5169
4419
2232
5550
734
5500
5908
4986
4473
5469
3956
2244
1305
2790
3352
2488
3248
1674
1311
1801
344
3991
267
1916
4096
5005
3238
3363
3576
206
237
5196
3058
505
3978
2123
1004
2711
3666
828
166
5993
2362
1723
5481
649
3715
1002
5462
5540
1072
1
514
2258
3611
554
4181
755
3780
5930
4862
5028
4287
5632
3630
3152
2582
486
4866
941
4259
5554
3503
1770
3077
3659
4106
1774
1954
1621
5257
473
5729
1104
2690
1109
3938
5130
3108
3191
314
3414
73
5263
3516
2848
111
4586
3166
3525
3093
628
137
4173
5240
5775
5755
1252
5231
315
4802
3328
5176
4881
5955
2390
5527
1238
545
5181
1822
5439
1021
3415
5323
3785
1439
5792
2778
4652
3798
2991
3728
5619
5508
3742
3435
2011
169
5611
3914
3771
1787
3229
2318
932
5159
118
5530
1533
1116
3984
4768
987
394
5746
2751
4944
5300
2940
667
26
5516
5095
3261
5551
4927
4912
3903
3240
5832
4533
4253
1833
2507
4
3996
1643
4887
4905
4594
2920
341
2779
5933
3151
5728
3965
710
2766
1766
4205
3008
1493
5744
888
5543
1808
4379
3120
3574
1175
1384
2037
3969
5165
5952
903
979
3934
5289
3055
2455
4249
2864
1204
3816
5035
2857
3555
2607
2954
5992
496
4849
331
4340
291
3185
5008
4333
1656
2670
1605
4578
2374
2625
1885
3884
516
4942
1581
2605
839
4975
5613
4450
709
5705
4523
1097
1681
47
4481
78
5362
1309
4719
4123
4936
2829
1474
5517
430
4291
1098
5349
5477
378
806
3429
499
793
3209
3756
4190
3804
2438
5194
3608
4756
3349
5133
1528
5924
261
2806
2178
2154
3799
3609
4687
4356
4695
1796
4589
1451
603
1258
5140
2805
2906
1834
153
5957
3433
5859
5371
5719
85
5712
420
928
5148
4940
2592
3069
4483
3171
4904
647
421
599
2148
510
1764
5608
750
5451
2586
587
1974
5197
34
5486
3247
5970
2883
4923
3485
2584
2723
780
5795
4582
2749
5373
4061
98
2329
265
271
5290
2325
5302
3855
3048
4549
2304
5163
3257
1422
2493
3467
3017
4948
4845
5881
5334
689
4807
422
5502
2296
1161
1302
5981
4466
4202
995
531
724
3199
3857
5863
3041
5435
4056
550
4224
5285
4003
440
3900
1205
61
63
2277
1775
4610
3564
5665
2289
826
1903
4588
2255
1187
5907
3629
5341
1306
249
5568
1501
3951
3441
1944
2754
2284
114
14
3193
1799
3406
1700
1608
680
4151
5406
1914
2428
1951
3929
3581
4729
5458
3164
3618
5303
3640
5778
5039
3612
5691
711
1750
2091
2738
736
2416
2044
4760
2913
2486
4650
236
46
1142
5190
2840
4491
4254
4638
4221
2229
1277
814
5057
5725
4788
3587
567
5721
650
3653
5539
3752
3921
4538
719
5667
4530
1152
4678
42
4226
1720
1705
4783
60
220
4806
1952
3350
2188
669
3987
2732
3717
1659
3615
4876
4316
1225
1730
1614
5796
1221
4672
930
147
4871
3964
3208
676
4685
2256
4679
5941
4197
5542
557
4369
2051
1924
3375
3278
5685
1624
2310
3916
4984
4338
2456
571
4878
384
1636
1377
1102
4731
5800
1178
1112
355
2885
3051
5242
3967
2590
5668
3172
4328
2189
1823
1511
1059
5264
4432
5934
1575
1819
2988
3175
1446
968
380
3160
5876
3944
101
874
2006
4957
2300
1660
4434
5748
5348
643
403
4150
3118
1830
4518
4337
5118
2054
2846
640
4335
1629
3362
4821
2401
1133
5322
2469
4066
2285
1236
3800
3654
4388
3793
3039
275
692
5825
3966
1043
145
4733
3862
3661
2968
264
1639
1375
5340
2061
5776
1014
3572
787
2039
5179
2952
449
4677
2459
1447
5215
3518
2809
4903
2758
519
5573
1693
1963
2664
2503
66
5788
1577
362
3393
1507
3610
2963
2831
4166
3554
1430
1780
4152
5010
1282
2094
36
5696
5022
4663
4674
4626
1861
651
4208
2139
2812
1419
351
3075
4183
4998
2364
3961
2166
2058
2573
3779
2634
1976
2648
5484
3898
2921
4668
1131
5864
3034
5023
606
1515
3162
1363
1455
5710
2901
5758
2223
836
1195
4143
56
4827
2107
5011
4520
4237
2085
516
2075
4561
2167
2880
3285
1163
1015
747
4509
1464
2024
2620
868
3265
3507
1003
2975
5673
1297
5579
1553
3539
1690
5070
1879
3035
2563
2157
3195
3881
508
1934
3890
4330
5597
3327
3373
3959
2218
570
2331
541
4624
957
1925
175
1494
5528
3466
4789
735
520
1807
1732
5355
3567
4707
2073
1594
1875
4462
2596
5781
5251
5754
128
961
239
5267
9
3009
5732
5647
131
2078
4157
2470
1798
4838
714
1768
4121
4710
2183
3089
1552
1825
5104
1052
5911
3688
3718
4122
3828
820
4020
4531
512
4823
1888
5079
2615
3479
1776
1761
1487
398
3827
2168
3491
4953
4584
2814
5188
1613
3018
4873
5475
3634
2879
5510
2200
5319
5947
3296
1813
5799
5183
1186
3032
3670
1892
1725
4242
2108
1293
1183
1257
50
2171
3952
1067
1227
5888
813
3729
4313
2165
5973
943
2125
2135
4428
3599
2247
935
772
3117
2577
1557
4305
4193
4381
1320
1949
4600
2946
1484
3931
1536
5839
2733
3379
1271
3081
5972
4497
1495
1539
86
5802
2262
5189
535
2433
4445
5926
1984
1216
2999
3692
4645
5388
4632
1433
161
4384
4911
4895
5750
462
257
4332
4012
3076
193
5043
3721
694
1275
5144
1262
3254
3370
4856
469
1668
2578
971
2479
5831
1506
1244
4619
283
5395
4683
4557
1847
5634
3806
4855
845
4352
3071
5606
2348
975
3684
605
2119
1448
728
3683
2369
4831
5897
4566
5533
5398
5749
446
2669
5950
4136
2553
459
5779
1164
4656
5459
2936
461
1556
4128
2162
2499
3288
2995
181
2485
1615
1565
450
3831
229
4119
40
4548
3226
4354
1076
1026
3003
2875
4365
3774
3871
3861
3682
253
5763
2841
4034
1797
1712
2380
4423
1657
3843
3524
794
5268
4949
3563
4954
3963
5582
4191
953
608
1342
5474
5529
2271
5044
2919
134
4794
5359
3291
1196
2994
1143
3642
4496
1793
4175
2960
3532
5621
3019
3697
923
262
5180
1637
2876
2305
33
518
2658
2134
1703
5037
727
3837
5523
1485
4426
1717
1025
5630
4485
2130
1338
1555
4051
527
537
4555
3316
5682
3926
3724
4646
5036
289
601
4174
3757
2133
5296
2010
879
1983
3829
1632
4177
2360
3114
2246
2076
3751
612
5333
5460
4800
5681
3490
3775
2518
1347
3213
4092
1449
4692
2212
804
5642
3243
5913
3973
5807
2306
2429
3124
1075
4653
